101.24
101.41
101.44
101.59
101.68
101.37
101.87
101.98
101.9
101.98
101.95
101.83
101.94
102.18
101.71
101.65
101.83
101.96
101.91
102.11
102.25
102.28
102.3
102.47
102.64
102.66
102.76
102.91
103.23
103.08
102.96
102.97
103.13
103.17
103.31
103.31
103.54
103.54
103.26
102.99
102.89
102.76
102.74
103.01
103.24
103.59
103.81
103.94
104.14
104.06
103.97
104.33
104.5
104.4
104.49
104.69
104.76
104.86
104.83
104.96
104.99
104.94
104.99
104.94
105.18
105.29
105.38
105.45
105.43
105.19
104.5
104.68
104.95
105.08
104.68
104.01
103.78
104.0
103.83
103.2
103.05
102.86
103.36
103.29
103.28
102.77
102.85
103.51
103.77
103.71
104.04
104.04
104.12
104.19
104.14
103.99
104.23
104.28
104.11
104.2
104.48
104.58
104.79
104.88
104.99
104.88
105.13
105.05
104.92
104.83
105.52
106.01
105.98
106.38
106.49
106.24
106.2
106.16
106.1
106.14
106.14
105.89
106.07
106.32
106.44
106.53
107.04
107.1
107.15
107.38
107.33
107.67
107.85
108.29
108.15
108.25
108.52
108.17
108.19
108.62
108.54
108.52
108.16
107.72
108.02
107.82
107.37
107.68
107.56
107.63
108.1
108.31
108.33
108.63
108.76
108.68
108.85
108.42
108.23
108.45
108.32
108.12
108.28
108.24
108.45
108.75
108.66
108.83
108.96
108.82
108.94
109.08
108.68
108.83
108.65
108.53
108.54
108.21
107.84
108.06
108.13
108.37
108.5
108.82
108.75
108.96
109.21
109.11
109.23
109.2
109.22
109.41
109.14
109.36
109.26
109.38
109.62
109.46
109.7
110.08
110.01
110.02
109.88
109.59
109.92
109.96
110.09
110.49
110.38
110.18
110.41
110.24
110.24
110.5
110.74
110.62
110.72
110.99
111.43
111.5
111.51
110.91
109.87
109.86
109.13
108.46
108.69
107.73
108.34
108.07
108.62
108.97
108.29
108.13
108.16
108.49
107.75
107.59
106.54
107.0
106.75
105.76
105.8
106.58
106.74
106.84
106.47
106.5
106.66
106.67
106.77
106.37
106.41
107.06
107.58
107.84
107.99
107.45
107.65
107.75
107.9
107.87
107.73
107.32
107.21
106.89
106.79
107.12
107.38
107.2
107.54
107.73
107.69
107.98
108.2
108.06
107.99
108.54
108.46
108.67
108.43
108.47
108.45
108.55
108.36
108.6
108.86
109.03
109.08
109.2
109.13
109.42
109.27
109.12
109.22
109.16
109.27
109.55
109.59
109.68
109.86
109.85
109.73
109.36
109.58
109.31
109.4
109.77
109.84
109.86
109.79
109.9
109.93
110.14
110.02
110.22
110.59
110.93
110.88
110.92
110.95
110.84
110.91
111.27
111.12
111.13
111.3
111.25
111.37
111.53
111.67
111.55
111.69
111.57
111.71
111.78
111.66
111.81
111.87
111.72
111.65
111.95
112.4
112.35
112.37
112.6
112.88
112.92
112.8
112.79
112.58
112.82
112.96
112.83
112.97
113.03
113.06
113.24
113.15
113.14
112.75
112.42
112.96
113.11
113.06
113.34
113.68
113.58
113.53
113.45
113.56
113.64
113.72
113.93
114.04
113.93
113.49
113.4
113.31
113.4
113.54
113.48
113.44
113.49
113.89
113.93
113.76
113.66
113.48
113.69
113.43
113.53
113.58
113.87
113.89
113.88
113.75
113.88
113.96
113.86
113.98
113.67
113.55
113.38
113.48
113.62
113.82
113.99
114.18
114.51
114.61
114.43
114.65
114.45
114.41
114.61
114.89
115.03
115.1
114.83
114.68
114.7
114.72
114.83
114.23
113.99
113.84
113.99
113.54
113.86
113.94
114.29
114.27
114.32
114.15
113.78
113.9
113.84
114.17
114.24
114.51
114.74
114.64
114.36
114.25
113.93
114.22
114.27
114.25
114.42
114.72
114.8
114.59
114.48
114.48
114.83
114.86
115.1
115.05
115.17
115.22
115.05
115.09
115.12
115.02
115.08
115.33
115.49
115.54
115.79
115.79
115.77
115.58
115.7
115.29
115.11
115.09
115.32
115.33
115.39
115.5
115.29
115.21
115.15
115.01
115.17
115.21
115.12
114.64
113.9
113.6
114.01
113.59
113.38
113.8
113.92
113.87
114.01
113.86
113.78
113.47
113.43
113.49
113.47
113.6
113.77
114.09
114.34
114.28
114.16
114.06
114.2
114.18
114.44
114.42
114.65
114.86
114.86
114.76
114.9
115.18
115.38
115.12
115.13
114.65
114.38
114.59
114.68
114.54
114.76
114.77
114.8
114.84
115.16
114.86
114.45
114.68
114.48
114.27
113.57
113.68
114.4
114.34
114.72
114.77
115.01
115.02
114.65
114.89
114.91
115.17
115.33
115.84
115.29
115.33
115.14
114.89
115.36
115.36
115.4
115.46
115.17
115.19
115.69
115.4
115.27
115.3
115.21
115.41
115.62
115.62
116.06
116.26
116.26
116.35
116.53
116.47
116.81
116.85
116.79
116.6
116.37
116.17
116.24
116.24
116.3
116.23
116.69
116.62
116.75
117.05
117.16
117.0
117.2
116.9
116.82
116.82
116.89
116.91
116.87
116.76
116.57
116.49
116.59
116.14
115.98
115.49
115.64
115.05
115.04
115.7
115.8
115.78
116.05
116.24
116.39
116.39
116.51
116.84
116.78
116.68
116.51
116.36
116.2
115.79
115.61
115.15
114.98
115.01
115.17
115.25
114.92
114.98
114.98
114.99
115.2
115.09
114.68
114.97
114.96
114.78
114.43
114.87
114.3
114.06
114.11
114.13
113.49
113.46
113.49
113.74
113.62
113.37
113.69
113.6
113.84
114.31
114.54
114.36
114.16
114.25
114.25
114.37
114.63
114.69
114.71
114.5
114.64
114.83
114.56
114.67
114.8
115.15
115.19
115.11
115.04
115.18
114.94
114.87
114.88
114.76
114.46
114.11
114.25
114.3
114.12
113.79
113.38
113.89
113.83
114.03
113.97
113.92
114.07
114.03
114.48
114.58
114.44
114.58
114.82
114.79
114.6
114.65
114.37
114.38
114.55
114.67
114.39
114.12
113.85
113.81
113.97
114.16
114.0
113.98
114.41
114.6
114.76
114.72
114.72
114.88
114.99
115.0
115.01
115.34
115.49
115.67
115.27
114.94
114.81
114.71
114.51
114.23
114.25
114.15
114.49
114.4
114.25
114.38
113.88
113.64
113.13
112.75
112.58
112.6
112.6
112.85
112.59
112.4
112.02
111.97
111.58
111.84
111.62
111.56
111.3
111.15
110.85
110.67
110.96
111.22
111.08
111.48
111.47
110.92
110.83
110.81
110.95
111.17
110.98
110.96
110.95
111.24
111.35
111.47
111.29
111.5
112.11
112.28
112.36
112.31
112.61
113.04
112.8
113.39
113.6
113.71
113.61
113.85
114.25
114.26
113.9
113.75
113.73
113.88
113.89
114.02
113.97
113.87
113.98
113.99
113.82
113.8
113.33
113.2
113.53
112.98
112.8
112.42
112.49
112.04
111.7
111.12
110.76
111.68
110.9
110.47
110.65
110.8
110.49
109.41
109.77
109.75
109.62
109.97
108.51
107.7
105.87
104.96
103.67
105.12
105.8
104.45
103.94
104.65
105.56
105.45
104.81
104.72
103.31
102.45
103.03
103.82
104.94
106.1
106.44
107.65
106.86
106.15
106.48
106.88
106.54
106.11
106.43
106.13
105.85
105.77
105.06
104.2
104.6
105.07
105.14
105.58
106.05
106.75
106.13
106.51
107.21
107.28
106.96
107.33
107.02
106.73
106.31
105.87
105.34
105.62
105.8
105.61
105.88
105.86
105.99
106.05
106.73
106.73
107.63
108.3
106.49
107.79
107.64
108.0
108.08
107.95
107.11
107.37
107.6
107.43
106.94
107.23
106.62
106.14
105.72
105.69
106.22
106.12
106.14
105.87
106.06
106.04
105.96
106.52
106.23
105.91
106.18
106.57
106.72
106.75
106.39
106.15
105.84
105.58
105.14
105.09
104.99
104.6
104.32
104.292
103.932
103.127
103.358
103.024
102.902
102.671
103.37
103.53
103.6
103.89
103.77
103.65
104.05
104.21
104.63
104.61
104.91
104.96
105.33
104.91
104.98
105.26
106.08
105.67
105.75
105.63
105.45
106.32
106.46
106.93
107.76
107.44
107.38
107.64
107.88
108.4
108.49
108.31
108.7
109.16
109.42
110.3
110.53
111.03
110.81
111.08
110.74
110.67
110.62
110.9
111.42
111.78
111.95
111.16
110.85
111.1
110.45
110.6
111.14
111.01
110.93
110.95
111.16
111.45
111.48
111.7
111.62
111.49
111.03
111.05
111.41
110.93
110.49
111.16
111.27
111.13
111.72
111.68
112.18
111.98
111.92
111.88
111.73
111.7
111.62
111.43
111.44
111.72
112.24
112.51
112.66
112.9
113.57
113.61
114.17
114.28
114.39
114.86
114.7
115.66
115.74
116.12
116.1
116.09
116.29
116.48
116.69
116.42
116.58
117.02
117.1
116.67
116.73
116.73
117.29
117.76
118.22
118.29
118.56
118.33
118.57
118.16
118.07
117.43
117.35
117.72
117.98
118.17
118.26
118.48
118.7
118.45
118.65
119.15
119.37
119.33
119.09
119.45
119.33
119.21
119.12
119.52
119.57
119.42
119.22
118.68
118.7
119.26
119.34
119.7
119.58
119.92
119.56
119.9
119.83
119.72
119.84
119.95
119.8
119.45
119.46
119.17
119.26
118.69
118.64
118.74
118.73
118.56
118.73
118.88
118.86
119.41
119.5
119.54
119.58
119.74
120.24
120.2
120.23
119.96
119.65
120.05
119.72
119.65
119.47
119.26
119.4
119.71
119.98
120.01
120.29
120.5
120.2
120.07
120.04
120.22
120.4
120.39
120.84
120.96
120.98
121.05
121.2
121.18
121.24
121.36
121.29
121.91
122.01
122.18
122.49
122.72
123.03
122.98
122.84
123.4
123.39
123.5
123.63
123.53
123.27
122.88
122.77
122.72
122.6
123.06
123.26
123.5
123.77
123.88
123.66
123.19
123.2
123.0
123.14
123.25
123.51
123.71
124.26
124.37
124.36
124.64
124.44
124.46
124.24
124.41
125.04
125.4
125.62
125.46
126.07
126.34
126.36
126.6
126.5
126.61
126.65
126.9
127.39
127.23
127.34
127.47
127.72
128.03
128.28
128.32
128.27
128.78
128.61
129.31
129.58
129.34
129.25
129.33
129.29
129.61
130.17
130.05
129.78
130.09
130.34
129.99
130.09
130.76
130.64
129.79
130.16
130.39
129.98
129.73
129.21
127.3
128.71
128.82
129.53
129.26
129.24
128.71
127.59
126.93
126.34
127.36
127.94
128.08
128.35
128.29
128.3
129.18
129.25
128.62
128.15
128.32
128.84
129.12
129.56
129.59
129.85
129.82
130.23
130.68
130.39
130.0
129.51
128.95
129.07
128.18
128.1
127.03
127.38
127.58
128.21
128.37
128.85
129.12
129.38
129.71
129.91
129.72
129.02
128.6
128.48
128.79
129.15
129.33
129.51
129.45
129.5
129.38
129.42
129.94
130.44
130.22
130.63
130.34
130.72
130.39
129.94
129.85
129.95
130.05
130.32
130.19
130.12
129.88
129.98
129.37
128.96
129.33
129.45
129.64
129.42
130.13
130.17
130.51
130.82
130.9
131.07
131.38
131.52
131.7
131.83
131.67
131.35
131.62
131.89
132.12
131.92
131.92
131.93
131.94
131.96
132.07
132.03
131.92
131.93
132.11
132.44
132.39
132.14
132.51
132.52
132.94
132.86
132.49
132.4
132.16
132.34
132.51
132.46
132.72
132.38
132.11
132.21
132.19
132.36
132.39
132.47
132.67
132.98
133.2
133.4
133.23
133.27
132.94
133.1
132.68
132.76
132.83
132.74
132.93
132.91
132.82
132.82
132.74
132.47
132.74
132.92
133.5
133.33
133.7
133.64
133.35
133.3
133.45
133.51
133.56
133.59
133.51
133.97
134.09
134.37
134.57
134.84
134.54
134.93
134.88
134.85
135.33
135.61
135.61
135.78
136.04
136.61
136.87
136.32
135.65
135.7
135.95
135.97
135.82
135.09
134.61
134.62
134.66
134.71
134.58
134.56
134.22
134.48
134.39
134.59
134.55
134.63
134.66
134.51
134.17
134.33
134.88
134.64
134.87
134.94
134.9
134.87
134.79
134.27
134.3
134.71
134.91
134.88
134.58
134.61
134.6
134.36
134.6
134.63
134.36
134.05
133.65
133.15
133.32
133.23
133.53
133.7
133.63
133.84
133.96
134.05
134.15
134.07
134.47
134.37
134.61
134.5
134.62
134.46
134.5
134.22
134.29
133.86
134.02
134.11
134.28
134.41
134.21
134.46
134.76
134.62
134.56
134.76
135.07
134.92
134.37
134.75
135.1
135.5
135.19
135.51
135.44
135.39
135.34
135.35
135.27
135.36
135.44
135.1
135.37
135.15
135.47
135.57
135.775
135.57
134.8
134.62
134.4
134.72
134.62
134.58
134.47
134.03
133.6
133.45
133.76
133.76
133.77
133.55
133.28
133.29
133.67
133.952
134.24
134.63
134.74
135.01
134.9
135.28
135.52
134.99
134.85
134.76
134.73
134.56
134.39
134.64
134.59
135.06
135.12
134.77
134.9
134.92
134.63
134.597
134.91
134.14
133.46
133.29
132.33
131.28
130.9
130.97
131.08
131.76
132.08
132.22
132.29
131.56
130.87
130.79
130.83
130.9
130.76
130.87
131.18
131.81
132.419
132.89
132.27
132.07
131.59
132.47
132.66
132.68
131.86
131.59
131.64
131.7
132.42
132.18
132.35
132.29
131.52
131.03
131.12
131.78
131.79
131.68
131.504
131.68
130.87
131.18
131.33
131.67
131.63
131.96
131.85
132.14
132.1
132.17
131.981
132.04
132.05
132.23
132.9
132.84
133.26
133.41
133.76
133.328
133.17
132.89
133.38
133.53
133.76
134.2
134.42
133.77
134.19
134.48
134.57
134.34
133.95
133.34
132.82
132.55
132.27
131.94
132.13
132.4
132.77
133.918
134.1
134.65
134.76
134.72
134.72
134.81
134.26
134.62
134.86
134.31
134.27
134.68
134.53
134.63
135.05
135.05
135.48
135.61
135.84
136.03
136.19
136.194
136.37
136.75
136.92
137.18
137.42
137.42
137.9
138.03
137.6
138.07
138.09
138.23
138.15
138.13
138.05
137.98
137.98
137.92
138.06
138.22
137.99
138.351
138.69
138.97
139.4
139.41
139.08
139.42
139.43
139.63
139.9
140.0
140.64
140.47
140.44
140.68
140.64
140.55
140.46
140.51
140.72
141.02
141.254
141.38
141.81
141.52
141.17
141.11
141.28
142.15
141.93
142.68
142.41
142.45
141.86
141.91
141.8
141.96
142.29
142.12
142.2
141.85
142.25
142.248
142.89
143.0
142.57
141.84
141.82
142.36
142.25
142.29
142.62
142.71
142.83
142.7
142.43
142.47
142.77
142.98
143.18
143.441
143.69
143.86
143.79
143.17
143.02
142.53
142.52
142.43
142.0
141.84
141.44
140.95
141.16
141.12
141.38
141.6
142.11
141.81
141.855
141.06
140.59
141.34
141.48
141.61
141.3
141.57
141.14
141.19
141.6
141.79
142.09
142.15
141.85
141.79
141.44
141.31
141.75
141.87
142.35
142.346
142.98
143.41
143.74
143.89
143.9
143.74
143.93
143.96
143.79
144.23
144.43
144.67
144.97
145.31
145.19
144.44
144.28
144.21
144.53
145.07
145.5
145.443
145.48
145.51
145.76
145.95
146.13
146.31
146.58
146.63
146.53
146.72
146.77
146.68
146.81
146.77
146.76
146.73
146.73
146.71
146.85
146.7
146.87
146.63
146.605
146.86
146.6
146.45
147.03
146.92
146.85
146.86
146.73
146.77
147.01
147.26
147.04
147.26
147.35
147.54
147.6
147.76
147.35
147.36
147.46
147.409
147.5
147.87
147.79
147.86
148.03
148.09
147.9
147.55
147.41
147.35
147.32
147.53
147.62
147.68
147.73
147.51
147.3
146.95
147.04
146.92
146.95
146.98
146.901
147.05
147.52
147.4
147.59
147.86
147.28
147.12
147.24
146.93
146.88
146.23
146.3
146.48
146.79
147.18
147.26
147.42
147.53
147.62
147.52
147.94
148.242
148.3
148.19
148.34
148.71
148.97
149.16
149.23
149.26
149.28
149.15
148.88
149.0
149.19
149.23
149.35
149.25
149.46
149.49
149.69
150.33
150.43
150.67
150.66
150.73
151.01
150.94
150.87
150.91
150.84
150.93
151.18
151.29
151.21
151.3
151.37
151.39
151.26
151.16
151.14
150.83
150.97
151.27
151.03
151.34
151.14
151.25
151.15
151.1
151.17
151.43
151.63
151.49
151.77
152.07
151.92
151.96
152.15
152.0
152.1
152.821
152.98
153.1
153.45
153.62
153.8
153.88
154.17
154.25
154.29
154.53
154.49
154.4
154.39
154.39
154.39
154.04
154.45
154.38
154.76
154.871
154.93
155.28
155.04
154.58
154.46
154.59
154.99
155.51
155.72
155.43
154.9
154.86
154.56
154.54
154.92
155.04
155.6
155.82
155.94
156.38
156.43
156.25
156.56
156.88
156.99
157.47
158.01
158.07
158.56
158.62
158.36
158.55
158.62
158.09
157.72
157.58
157.9
157.69
157.16
156.606
156.29
156.26
155.38
154.41
154.99
154.51
154.35
153.51
154.35
154.47
154.66
154.64
153.84
153.0
151.89
151.54
152.01
152.69
153.28
153.383
153.46
153.75
153.8
153.9
154.45
154.54
154.81
155.12
155.1
155.68
155.8
155.77
155.72
156.06
156.3
156.33
156.65
156.75
156.3
156.04
155.82
155.92
155.895
156.42
156.78
156.96
156.83
156.26
156.02
156.16
156.38
156.5
156.64
156.28
155.66
155.64
155.12
155.04
154.68
154.81
154.85
155.68
155.19
155.36
155.26
154.254
155.34
154.76
154.65
154.72
155.04
155.36
155.85
156.22
156.21
156.19
156.48
156.91
157.26
157.55
157.5
157.26
157.3
157.18
157.47
157.33
156.892
157.17
156.94
156.91
156.99
156.85
156.54
156.58
157.24
157.56
157.7
157.75
158.15
158.18
158.52
158.81
159.07
158.9
159.06
158.97
158.64
159.45
159.53
159.28
159.49
159.65
159.69
160.03
160.08
160.15
160.08
159.87
159.84
160.22
160.66
160.87
160.76
160.64
160.72
160.67
160.95
160.8
160.97
161.14
161.21
161.211
161.09
160.59
160.13
159.76
159.98
160.14
160.06
159.8
159.41
159.33
159.55
159.4
159.86
160.47
160.46
160.76
161.13
161.252
161.28
161.47
161.57
161.94
162.0
161.86
161.94
161.98
161.97
162.5
162.6
162.78
162.84
162.98
162.92
162.26
161.18
160.28
160.59
160.58
161.01
161.047
160.33
160.05
160.37
160.9
161.58
161.73
162.16
162.45
162.45
162.67
162.77
162.95
163.03
163.02
163.29
163.75
164.1
164.1
164.04
164.043
163.31
164.21
164.31
164.36
164.22
163.94
163.91
163.37
162.93
162.47
162.82
163.29
163.1
163.1
163.06
163.01
163.4
163.67
163.9
164.34
164.837
165.05
165.19
163.79
165.28
164.74
164.55
164.92
164.46
163.89
163.92
163.88
164.62
165.36
165.28
165.25
164.86
164.95
165.4
165.48
165.63
165.68
165.69
165.5
165.48
165.84
166.31
166.83
167.13
167.212
167.008
166.97
167.496
167.808
167.84
168.07
168.31
168.42
168.425
168.77
168.63
168.72
169.28
169.63
169.47
169.38
169.44
169.26
169.28
169.55
169.74
169.78
169.67
169.44
169.24
169.27
169.25
169.264
169.69
169.96
170.28
170.32
170.05
169.71
169.67
169.39
169.53
169.85
169.77
170.23
169.89
169.97
169.76
170.37
170.41
170.55
170.51
170.49
170.59
170.66
169.672
168.98
169.16
169.16
168.93
168.62
168.28
169.12
169.26
169.58
169.8
169.76
170.34
170.96
171.07
171.16
171.16
171.65
171.75
171.92
171.74
171.78
171.782
171.99
172.0
172.2
172.63
172.65
172.64
172.38
172.38
172.17
172.08
172.03
171.93
172.23
172.63
172.88
172.65
171.98
172.23
171.82
172.14
171.9
171.927
171.56
170.73
171.62
171.56
170.57
170.3
169.62
168.85
168.23
168.27
167.26
166.79
167.82
168.3
169.25
169.75
170.27
170.36
170.32
170.63
170.98
171.81
172.949
172.8
172.48
172.96
173.13
173.17
173.32
173.65
173.33
173.45
173.36
173.28
173.57
173.3
173.3
174.15
174.37
174.44
174.43
174.54
174.49
174.489
174.01
174.44
174.68
174.18
174.9
174.58
173.79
173.13
173.04
171.97
171.22
170.63
171.37
173.18
173.8
174.25
174.49
174.76
174.29
174.238
174.52
173.78
173.23
173.62
174.83
174.59
174.48
174.88
174.27
175.08
175.64
175.78
176.28
176.61
177.82
179.09
179.59
178.68
178.57
178.65
178.405
178.405
178.71
178.97
178.84
179.09
178.98
178.61
179.04
178.86
179.3
179.6
179.74
180.17
180.68
180.8
181.22
181.29
181.46
181.7
182.4
182.5
182.5
182.61
182.22
182.36
182.76
183.08
183.15
182.82
183.43
183.85
184.16
184.79
184.24
184.64
184.89
185.2
184.95
184.93
184.06
183.64
184.4
185.4
185.2
185.38
186.27
186.84
187.76
188.36
188.35
187.86
188.29
187.82
186.56
187.21
187.69
187.81
187.36
187.42
187.51
186.97
185.69
184.911
185.55
184.67
183.73
183.81
184.87
185.16
184.18
183.96
184.79
185.95
186.14
186.19
186.58
186.44
186.97
186.83
186.18
186.182
186.46
185.36
184.86
184.14
183.41
182.92
183.45
183.88
183.54
182.78
183.07
182.77
182.68
182.7
183.51
184.38
184.16
184.05
184.02
182.59
182.585
183.39
183.26
183.19
182.74
182.82
181.78
182.55
183.15
184.44
184.84
185.29
186.15
186.41
186.68
186.06
185.96
185.72
185.25
183.95
184.5
185.27
185.4
185.323
185.88
186.03
186.55
185.75
185.16
185.75
184.92
183.74
184.35
184.57
184.77
184.84
183.97
182.12
179.94
176.28
177.09
177.71
179.83
179.96
179.814
177.83
178.46
179.5
178.5
178.42
179.25
179.77
179.35
178.99
178.76
179.19
179.54
179.46
178.7
179.53
178.45
178.4
177.12
178.21
176.95
176.27
177.563
177.66
178.01
179.56
179.71
180.21
180.36
180.53
180.63
180.17
179.37
180.34
180.89
181.13
180.89
180.66
181.76
182.96
183.04
182.82
183.44
182.86
182.64
177.563
183.07
183.54
183.89
183.93
184.28
183.57
183.61
183.88
183.3
182.7
183.19
183.95
184.34
184.47
184.7
184.62
184.27
184.78
184.92
185.03
185.207
185.54
185.49
183.87
183.91
183.97
183.14
182.51
182.34
181.0
180.47
181.36
182.06
182.28
181.26
181.15
181.2
182.37
182.11
183.05
182.91
182.717
181.62
182.05
181.45
180.01
179.22
178.89
179.31
178.92
178.61
176.83
176.61
177.23
175.53
176.21
177.91
177.94
178.35
178.61
178.28
180.34
180.34
180.44
179.61
178.6
178.41
177.67
175.95
174.78
175.69
174.24
174.92
176.66
176.94
178.02
178.15
177.75
179.07
178.52
177.87
178.82
179.54
179.617
180.74
181.07
180.9
181.29
181.34
180.7
180.89
180.46
181.5
181.99
181.59
181.85
181.74
182.17
182.21
182.37
182.31
182.42
182.79
182.5
182.84
182.96
182.44
182.9
182.62
182.97
182.82
182.99
183.85
184.18
184.22
184.35
184.98
184.85
185.08
184.71
184.55
184.69
184.72
184.23
184.234
184.15
183.68
183.34
183.93
184.63
184.4
184.46
184.47
184.73
184.71
184.41
184.73
184.75
185.5
186.23
186.25
186.7
186.65
186.52
186.36
186.19
186.41
186.98
187.04
187.08
186.1
185.28
184.53
184.8
184.47
184.62
185.53
185.8
185.97
186.68
184.67
183.63
184.647
185.95
186.68
187.24
187.21
186.72
186.34
186.8
187.48
188.19
188.44
188.48
188.71
188.67
188.65
188.69
189.26
189.14
189.29
189.16
189.4
189.43
189.5
189.54
189.54
189.62
188.8
188.76
189.31
189.74
189.71
190.14
190.13
190.48
190.53
190.65
190.18
189.95
190.32
190.29
190.36
190.62
190.68
190.52
190.58
190.98
191.07
191.033
190.91
191.39
191.68
191.65
191.87
191.53
190.37
190.15
189.72
189.67
189.92
189.87
190.16
190.39
190.82
191.26
190.94
190.39
190.6
190.98
190.66
190.67
190.85
190.88
190.76
190.96
190.45
190.6
190.3
190.19
189.79
190.3
190.21
190.87
191.28
191.39
191.46
191.66
191.38
190.89
190.71
190.0
189.98
189.12
188.35
188.17
187.99
189.13
188.9
188.71
188.59
188.38
188.06
188.51
188.74
189.05
189.24
189.39
189.71
189.73
190.01
190.29
190.1
190.14
189.88
189.44
189.44
189.5
189.8
190.02
190.76
190.83
190.98
191.16
191.38
191.62
191.8
192.11
192.24
192.25
192.28
192.43
192.71
192.43
192.46
192.55
193.08
193.3
193.32
193.44
193.34
193.47
193.33
193.44
193.26
193.41
193.65
193.35
193.2
193.24
193.27
193.14
193.1
193.21
193.67
193.91
193.93
193.43
193.77
193.86
194.23
194.58
194.63
194.65
195.13
195.44
195.83
195.87
196.13
196.0
196.18
196.31
196.87
196.95
197.06
197.01
196.86
196.82
197.63
197.52
197.29
197.11
197.01
196.81
196.57
196.51
196.53
196.68
196.66
196.99
197.0
197.13
197.02
196.31
196.49
196.64
196.63
196.76
197.17
197.49
197.73
197.99
198.06
198.05
197.91
198.16
198.29
198.42
198.48
198.31
198.04
197.92
198.21
198.11
198.63
198.93
199.14
199.29
199.37
199.4
199.41
199.63
199.45
199.46
199.8
199.94
199.96
200.11
199.86
199.94
199.82
199.13
199.2
199.58
199.78
199.91
200.29
200.46
200.39
200.55
201.02
201.13
201.14
201.16
201.34
201.26
201.3
201.61
201.5
201.27
201.54
202.05
201.7
201.54
201.56
201.78
201.57
200.75
200.86
200.32
200.49
200.76
200.81
200.59
200.03
200.28
200.33
200.3
201.11
201.19
201.31
201.26
201.36
201.78
201.62
201.4
201.36
201.43
201.4
201.15
200.85
200.88
201.25
201.19
201.35
201.63
201.67
201.66
201.52
200.8
200.82
201.29
201.39
201.5
200.84
200.79
201.0
201.28
201.11
201.07
200.93
200.66
200.88
201.47
201.48
201.6
201.55
201.25
201.36
201.33
201.76
202.34
202.37
202.53
202.25
202.38
202.49
202.68
202.78
202.52
202.85
202.9
202.91
202.83
202.97
203.15
203.38
203.56
203.83
203.95
204.12
204.02
204.02
204.12
204.18
204.37
204.47
204.67
204.73
204.58
204.62
204.94
204.67
204.61
204.31
205.06
205.29
205.33
205.5
205.51
205.52
205.79
205.91
205.79
205.43
204.97
204.76
204.4
203.97
204.0
204.37
204.43
204.79
205.01
204.82
204.86
204.75
204.87
205.24
205.21
205.32
205.32
205.33
205.24
205.23
205.53
205.79
205.87
206.09
205.84
205.65
206.05
206.31
206.0
205.83
206.04
206.01
206.04
206.09
205.97
205.87
206.33
206.66
207.19
207.65
207.85
207.64
207.63
207.38
207.38
207.52
207.47
207.55
207.43
207.64
207.97
207.89
207.75
207.72
207.96
207.34
206.9
206.91
206.39
205.2
203.33
203.62
203.52
201.89
202.16
202.44
202.73
203.04
203.69
204.0
203.99
204.0
203.96
204.07
204.6
205.01
204.23
204.14
203.33
203.36
203.75
203.66
203.9
204.3
204.93
204.95
204.71
204.6
204.78
204.78
204.38
204.4
204.27
203.29
202.68
203.48
203.14
203.37
203.44
203.58
203.94
204.34
203.96
204.02
204.16
204.04
204.38
204.18
204.3
204.62
204.76
204.53
204.2
204.16
203.58
203.78
204.41
204.54
204.64
204.39
204.33
204.77
204.96
204.85
205.14
205.44
205.25
205.41
205.38
205.25
205.56
205.5
205.6
205.65
205.64
204.83
204.8
204.86
205.22
205.22
205.28
205.32
205.46
205.37
205.46
205.08
205.89
205.67
205.49
205.35
205.4
205.01
205.13
204.4
204.45
204.21
204.34
204.38
204.37
204.22
204.33
204.21
204.59
204.82
205.38
205.31
205.11
205.6
205.52
205.46
205.82
205.92
205.64
205.6
205.62
205.84
206.22
206.52
206.37
206.35
206.43
206.21
206.39
206.71
206.68
206.83
206.79
206.89
206.4
206.13
206.47
205.96
206.29
206.36
206.35
206.38
206.43
206.33
206.59
206.79
206.85
206.83
206.59
206.68
206.73
206.21
206.01
205.97
205.85
205.87
205.87
205.98
206.07
206.2
206.16
206.24
206.46
206.86
206.95
206.61
206.52
206.58
206.98
206.95
207.01
207.22
207.11
206.71
206.25
205.9
205.71
205.35
203.88
203.28
203.42
203.63
204.48
204.49
204.03
203.88
203.61
203.46
202.46
202.9
202.57
202.56
203.501
203.34
203.82
203.82
203.89
204.06
204.86
204.88
204.87
204.29
204.03
203.83
203.99
203.98
203.42
202.75
202.94
203.05
203.06
203.52
203.56
203.97
204.41
204.59
204.64
203.73
203.37
203.0
202.33
202.35
202.49
202.86
203.12
202.14
201.45
201.17
201.74
200.91
200.46
200.82
201.229
201.17
201.55
200.89
202.03
202.72
203.26
203.47
203.59
203.65
203.85
204.16
204.4
204.83
205.49
205.57
205.04
205.1
205.41
205.52
205.24
205.39
206.278
206.4
206.52
206.88
207.36
207.33
206.84
207.05
207.17
207.64
207.97
207.83
208.17
208.4
208.46
208.6
208.58
208.8
208.95
208.83
208.765
208.86
209.25
209.14
209.19
209.0
208.67
208.55
209.13
209.23
209.53
209.64
209.88
210.15
210.15
210.37
210.92
210.04
210.01
210.53
210.36
210.45
210.809
210.86
211.57
211.4
211.67
211.7
211.86
211.94
211.81
211.98
211.76
212.0
212.1
211.98
212.18
212.58
212.59
212.49
212.72
212.958
212.9
212.86
212.55
212.52
212.25
211.57
211.41
210.98
211.1
210.32
210.67
210.83
210.95
210.69
210.98
210.93
210.51
210.6
210.65
210.39
210.22
210.09
209.75
210.86
211.33
211.83
212.11
211.81
211.93
211.86
211.93
212.52
212.64
213.091
212.97
212.86
212.73
212.33
212.73
212.984
213.26
213.75
214.0
214.2
214.19
214.02
213.78
213.7
213.91
213.91
214.1
214.46
214.37
214.11
214.2
214.22
214.48
214.88
215.24
215.26
215.22
214.97
214.741
215.05
214.37
213.64
212.0
212.4
212.42
213.12
212.93
212.38
212.78
211.65
211.94
212.48
213.04
212.78
213.12
213.0
212.07
212.21
212.37
212.56
213.32
213.69
213.83
213.83
213.29
213.73
213.67
213.89
213.69
213.95
214.32
214.15
214.35
214.31
214.35
214.18
214.23
214.39
214.28
213.96
214.35
214.43
214.526
214.71
214.05
213.05
213.26
213.72
213.52
213.06
213.03
213.2
213.8
213.88
214.15
214.27
214.0
213.83
214.39
214.46
214.37
214.44
214.68
215.05
214.96
214.901
214.98
215.16
215.38
215.51
215.66
215.99
216.04
216.01
216.12
216.07
215.93
216.13
216.06
216.08
215.6
215.62
216.0
216.29
216.52
217.03
216.53
216.721
216.67
215.85
215.79
215.82
216.12
216.52
216.43
216.46
216.65
216.85
217.29
217.51
217.69
217.51
218.06
218.39
218.32
218.23
218.331
218.5
219.25
218.67
218.75
218.65
218.87
219.21
219.17
219.37
219.49
219.47
219.81
220.03
219.94
220.48
220.42
220.69
220.18
219.66
220.04
219.85
219.128
219.04
219.38
220.27
220.88
221.05
220.73
221.0
221.26
221.59
221.67
221.64
221.63
221.63
221.78
221.53
220.75
219.32
217.79
217.63
215.36
214.598
214.42
215.82
215.13
216.11
214.29
208.79
209.61
206.76
202.94
198.93
192.42
192.03
191.6
190.53
192.81
193.98
196.6
195.99
196.174
195.88
194.58
195.25
195.24
197.5
197.8
199.41
200.97
200.09
200.14
200.92
201.72
200.61
201.13
201.17
201.57
202.41
202.52
203.187
203.0
201.61
202.16
202.7
202.37
203.15
203.44
203.05
202.09
202.11
202.45
203.74
203.77
204.49
204.47
205.34
206.37
206.28
206.741
207.04
207.94
208.99
209.77
210.48
210.03
209.83
207.63
207.88
208.37
209.51
209.36
209.55
209.44
209.83
210.0
209.1
209.57
208.57
209.883
209.82
210.01
210.69
210.79
211.41
211.13
211.26
211.02
211.29
211.04
211.65
212.14
213.26
213.51
214.04
214.02
214.24
213.73
213.28
213.63
213.51
213.97
212.404
212.75
213.07
213.17
213.62
213.69
213.89
214.11
214.17
214.66
214.44
214.44
214.52
214.55
214.54
214.43
214.61
214.98
215.3
215.69
215.53
215.743
215.79
216.35
217.0
215.57
215.38
215.42
214.76
215.4
215.08
215.21
215.72
216.06
216.1
215.84
215.32
214.47
214.84
214.13
213.88
214.43
215.19
215.4
215.49
215.62
215.58
216.33
216.16
216.88
217.38
217.87
218.33
218.12
217.44
217.66
217.77
217.36
217.36
217.32
217.52
217.46
216.69
216.27
215.11
215.41
215.217
215.38
216.09
217.01
217.84
218.73
219.28
220.03
220.31
220.57
220.19
220.65
221.14
221.03
220.72
220.88
220.71
221.01
221.76
221.84
221.93
222.336
222.35
222.64
222.72
222.93
223.56
223.55
223.84
223.75
223.65
223.65
223.54
223.97
224.27
224.53
224.21
224.14
224.28
224.62
225.03
225.39
225.65
226.09
225.47
225.76
226.51
227.5
227.75
227.39
227.48
227.69
227.53
227.35
227.57
227.99
228.71
228.27
228.66
228.48
227.91
226.63
226.98
226.397
226.99
227.94
228.66
228.69
229.37
229.58
229.75
229.88
229.97
230.17
230.51
230.57
230.49
230.09
229.49
228.95
228.08
228.03
228.15
226.57
226.616
227.4
228.82
228.75
227.68
